                      SNP  CHR         BP NTAG       LEFT      RIGHT   KBSPAN TAGS
                  rs12103    1    1247494    0    1247494    1247494    0.001 NONE
                rs1886773    1    1254436    0    1254436    1254436    0.001 NONE
                rs4846230    1   10608596    2   10608596   10620270   11.675 rs11121589|rs10746495
               rs10864462    1   10612158    0   10612158   10612158    0.001 NONE
               rs72865183    1   15795380    1   15795380   15798197    2.818 rs3820068
                rs3820068    1   15798197    1   15795380   15798197    2.818 rs72865183
                rs2007471    1   16368977    1   16368977   16370178    1.202 rs140307022
              rs140307022    1   16370178    1   16368977   16370178    1.202 rs2007471
               rs12125335    1   21385436    0   21385436   21385436    0.001 NONE
                rs4654899    1   21410231    1   21410231   21455559   45.329 rs7556221
                rs2286241    1   44440769    1   44440769   44447413    6.645 rs1859728
                rs1859728    1   44447413    1   44440769   44447413    6.645 rs2286241
               rs75660521    1   61644675    1   61644675   61646376    1.702 rs871250
                 rs871250    1   61646376    1   61644675   61646376    1.702 rs75660521
                rs2310752    1   66392405    1   66392405   66393732    1.328 rs2997084
                rs2997084    1   66393732    1   66392405   66393732    1.328 rs2310752
               rs12028229    1   72986136    0   72986136   72986136    0.001 NONE
                rs1775370    1   72992856    0   72992856   72992856    0.001 NONE
                rs6699417    1   89123443    2   89123443   89144053   20.611 rs7551732|rs10922478
                rs7551732    1   89139041    2   89123443   89144053   20.611 rs6699417|rs10922478
               rs10922478    1   89144053    2   89123443   89144053   20.611 rs6699417|rs7551732
               rs12145922    1   89146234    0   89146234   89146234    0.001 NONE
                rs1967721    1   93626382    0   93626382   93626382    0.001 NONE
                rs4847401    1   93628013    1   93628013   93634590    6.578 rs6685271
                rs4378243    1   98395881    0   98395881   98395881    0.001 NONE
                rs4271249    1   98398619    0   98398619   98398619    0.001 NONE
                rs7528419    1  109817192    1  109817192  109817590    0.399 rs12740374
               rs12740374    1  109817590    1  109817192  109817590    0.399 rs7528419
               rs61816194    1  145614468    2  145614468  145704759   90.292 rs12405132|rs1552172
               rs12405132    1  145644984    2  145614468  145704759   90.292 rs61816194|rs1552172
                rs1967017    1  145723645    1  145723645  145723739    0.095 rs1471633
                rs1471633    1  145723739    1  145723645  145723739    0.095 rs1967017
               rs12129861    1  145725689    0  145725689  145725689    0.001 NONE
                rs1797052    1  145727683    0  145727683  145727683    0.001 NONE
                   rs9616    1  154555733    0  154555733  154555733    0.001 NONE
                rs1127311    1  154556663    0  154556663  154556663    0.001 NONE
                 rs760077    1  155178782    2  155178782  155194980   16.199 rs2990220|rs2049805
                rs1057941    1  155186742    0  155186742  155186742    0.001 NONE
                rs1050316    1  156434703    2  156434703  156456301   21.599 rs1925950|rs3790455
                rs1925950    1  156450740    2  156434703  156456301   21.599 rs1050316|rs3790455
               rs12129787    1  161492587    0  161492587  161492587    0.001 NONE
                rs9427403    1  161494322    0  161494322  161494322    0.001 NONE
               rs12079745    1  169101060    1  169101060  169101935    0.876 rs1138486
                rs1138486    1  169101935    1  169101060  169101935    0.876 rs12079745
               rs12035622    1  169102340    0  169102340  169102340    0.001 NONE
                rs2179490    1  169109393    0  169109393  169109393    0.001 NONE
                 rs672740    1  172137119    0  172137119  172137119    0.001 NONE
               rs17277127    1  172137134    1  172137134  172167226   30.093 rs2209098
                 rs678962    1  172189889    0  172189889  172189889    0.001 NONE
               rs12410416    1  172193820    4  172193820  172219995   26.176 rs2289635|rs10911356|rs10458358|rs12075079
                rs2289635    1  172208620    4  172193820  172219995   26.176 rs12410416|rs10911356|rs10458358|rs12075079
               rs10911356    1  172209747    4  172193820  172219995   26.176 rs12410416|rs2289635|rs10458358|rs12075079
               rs12736195    1  173307901    1  173307901  173349725   41.825 rs2105325
                rs2422345    1  173337747    1  173337747  173346343    8.597 rs10753074
                rs2049992    1  174325692    1  174325692  174326702    1.011 rs6666767
                rs6666767    1  174326702    1  174325692  174326702    1.011 rs2049992
               rs16850767    1  177091795    1  177091795  177094874     3.08 rs227507
                 rs227507    1  177094874    1  177091795  177094874     3.08 rs16850767
               rs57113693    1  180952294    2  180952294  180962282    9.989 rs11586493|rs1411478
               rs11586493    1  180961245    2  180952294  180962282    9.989 rs57113693|rs1411478
                rs1061147    1  196654324    1  196654324  196659237    4.914 rs1061170
                rs1061170    1  196659237    1  196654324  196659237    4.914 rs1061147
                 rs529541    1  196719716    0  196719716  196719716    0.001 NONE
                rs1092801    1  196729035    0  196729035  196729035    0.001 NONE
                   rs8024    1  201845575    1  201845575  201850057    4.483 rs1517810
                rs1517810    1  201850057    1  201845575  201850057    4.483 rs8024
                rs1419114    1  203652444    1  203652444  203667409   14.966 rs2228445
                rs2228445    1  203667409    1  203652444  203667409   14.966 rs1419114
                rs4245739    1  204518842    2  204518842  204541342   22.501 rs1046874|rs4951404
                rs1046874    1  204527060    2  204518842  204541342   22.501 rs4245739|rs4951404
               rs11584700    1  204576983    4  204576983  204588140   11.158 rs3789045|rs11588857|rs3747631|rs3747630
                rs3789045    1  204586812    4  204576983  204588140   11.158 rs11584700|rs11588857|rs3747631|rs3747630
                rs1044145    1  207217359    0  207217359  207217359    0.001 NONE
                rs2629665    1  207220800    0  207220800  207220800    0.001 NONE
                rs7550273    1  207912179    0  207912179  207912179    0.001 NONE
                rs2761436    1  207919748    0  207919748  207919748    0.001 NONE
               rs35700460    1  222811407    4  222811407  222837939   26.533 rs17465637|rs67180937|rs35158675|rs17465982
               rs17465637    1  222823529    4  222811407  222837939   26.533 rs35700460|rs67180937|rs35158675|rs17465982
                rs6688537    1  239850588    0  239850588  239850588    0.001 NONE
                rs2355237    1  239857524    1  239857524  239901006   43.483 rs11579382
                rs2171974    1  243383635    1  243383635  243388370    4.736 rs10926973
               rs12080886    1  243386036    0  243386036  243386036    0.001 NONE
               rs12076373    1  243851947    0  243851947  243851947    0.001 NONE
                rs1973284    1  243856681    0  243856681  243856681    0.001 NONE
                rs1042034    2   21225281    1   21225281   21231524    6.244 rs676210
                 rs676210    2   21231524    1   21225281   21231524    6.244 rs1042034
                rs7575873    2   23962647    2   23962647   24036222   73.576 rs17509001|rs7569424
               rs17509001    2   24021231    2   23962647   24036222   73.576 rs7575873|rs7569424
               rs10194817    2   24257051    0   24257051   24257051    0.001 NONE
               rs70944707    2   24257444    0   24257444   24257444    0.001 NONE
                rs1523787    2   36673774    0   36673774   36673774    0.001 NONE
                rs3755206    2   36683428    0   36683428   36683428    0.001 NONE
                rs6719806    2   40659273    0   40659273   40659273    0.001 NONE
                rs4557030    2   40659565    0   40659565   40659565    0.001 NONE
               rs72881110    2   44754020    0   44754020   44754020    0.001 NONE
                rs2341459    2   44768202    0   44768202   44768202    0.001 NONE
               rs10174398    2   51195601    0   51195601   51195601    0.001 NONE
               rs71411521    2   51202876    0   51202876   51202876    0.001 NONE
                rs7582485    2   58881672    0   58881672   58881672    0.001 NONE
               rs17190618    2   58882765    0   58882765   58882765    0.001 NONE
                rs2600667    2   61404931    1   61404931   61418343   13.413 rs777592
                 rs777592    2   61418343    1   61404931   61418343   13.413 rs2600667
                rs2058898    2   71524757    1   71524757   71572455   47.699 rs7581030
               rs12612930    2   71525785    1   71525785   71560665   34.881 rs3771381
                rs6546838    2   73679280    2   73679280   73837751  158.472 rs1052162|rs6546856
               rs11884776    2   73746923    3   73746923   73895765  148.843 rs6546857|rs13538|rs6546869
                   rs1193    2   87002229    0   87002229   87002229    0.001 NONE
               rs71378803    2   87006165    0   87006165   87006165    0.001 NONE
               rs13001130    2  100668699    2  100668699  100729293   60.595 rs78633727|rs4851250
               rs78633727    2  100669457    2  100668699  100729293   60.595 rs13001130|rs4851250
                rs6542772    2  109174615    0  109174615  109174615    0.001 NONE
                 rs826681    2  109232075    1  109232075  109232388    0.314 rs826682
                rs4676225    2  109609765    0  109609765  109609765    0.001 NONE
                rs6750059    2  109611097    0  109611097  109611097    0.001 NONE
               rs11689995    2  109939843    0  109939843  109939843    0.001 NONE
                rs4676276    2  109954066    0  109954066  109954066    0.001 NONE
               rs10210955    2  111599282    1  111599282  111599706    0.425 rs4849121
                rs4849121    2  111599706    1  111599282  111599706    0.425 rs10210955
               rs13395354    2  111600519    1  111600519  111616104   15.586 rs13401811
               rs11123201    2  111601478    1  111601478  111607832    6.355 rs6732565
                rs3789134    2  111680155    0  111680155  111680155    0.001 NONE
               rs13413838    2  111694797    0  111694797  111694797    0.001 NONE
                rs2062225    2  111750872    2  111750872  111774638   23.767 rs1157083|rs4848367
                rs1157083    2  111754921    2  111750872  111774638   23.767 rs2062225|rs4848367
                rs2165109    2  111818658    0  111818658  111818658    0.001 NONE
               rs58055674    2  111831793    0  111831793  111831793    0.001 NONE
               rs34931195    2  111832065    0  111832065  111832065    0.001 NONE
               rs10207392    2  111849659    0  111849659  111849659    0.001 NONE
                rs1439287    2  111871897    1  111871897  111877104    5.208 rs56952027
              rs150784178    2  111874060    0  111874060  111874060    0.001 NONE
               rs13429049    2  111886332    1  111886332  111893096    6.765 rs11691517
               rs11691517    2  111893096    1  111886332  111893096    6.765 rs13429049
               rs10169613    2  111934977    0  111934977  111934977    0.001 NONE
                 rs616582    2  111941995    1  111941995  111949327    7.333 rs6738028
                rs6720394    2  111989372    0  111989372  111989372    0.001 NONE
                rs4308124    2  112010486    1  112010486  112012672    2.187 rs57874285
                rs1519522    2  112047056    0  112047056  112047056    0.001 NONE
                rs3891955    2  112047859    0  112047859  112047859    0.001 NONE
              rs143800403    2  112131145    1  112131145  112138164     7.02 rs78124867
               rs78124867    2  112138164    1  112131145  112138164     7.02 rs143800403
              rs138308793    2  112250758    0  112250758  112250758    0.001 NONE
                rs1345203    2  112253851    0  112253851  112253851    0.001 NONE
               rs62162286    2  112268440    0  112268440  112268440    0.001 NONE
              rs143326447    2  112268732    0  112268732  112268732    0.001 NONE
              rs111592775    2  112382578    2  112382578  112388538    5.961 rs4848100|rs4848612
                rs4848100    2  112388532    2  112382578  112388538    5.961 rs111592775|rs4848612
               rs78658973    2  112484525    3  112484525  112526866   42.342 rs72823439|rs17040773|rs1044864
               rs72823439    2  112490328    3  112484525  112526866   42.342 rs78658973|rs17040773|rs1044864
              rs375968322    2  112549789    2  112549789  112630629   80.841 rs75031626|rs113773470
               rs66739581    2  112580971    0  112580971  112580971    0.001 NONE
               rs17174870    2  112665201    0  112665201  112665201    0.001 NONE
                rs2871876    2  112671947    0  112671947  112671947    0.001 NONE
                rs4374383    2  112770770    0  112770770  112770770    0.001 NONE
               rs35643003    2  112782264    0  112782264  112782264    0.001 NONE
                rs2029582    2  113863771    1  113863771  113864478    0.708 rs11473501
               rs11473501    2  113864478    1  113863771  113864478    0.708 rs2029582
                rs2212723    2  135488584    1  135488584  135499236   10.653 rs6727396
                rs6727396    2  135499236    1  135488584  135499236   10.653 rs2212723
                rs1427298    2  145214421    0  145214421  145214421    0.001 NONE
                rs7599224    2  145214607    0  145214607  145214607    0.001 NONE
                rs2848657    2  158495349    0  158495349  158495349    0.001 NONE
                rs1220128    2  158499902    0  158499902  158499902    0.001 NONE
               rs10221808    2  162813807    0  162813807  162813807    0.001 NONE
               rs12466127    2  162815262    0  162815262  162815262    0.001 NONE
                rs2080401    2  171540823    0  171540823  171540823    0.001 NONE
                rs6756973    2  171542573    0  171542573  171542573    0.001 NONE
                rs2288327    2  179411665    1  179411665  179421294     9.63 rs35504893
               rs35504893    2  179421294    1  179411665  179421294     9.63 rs2288327
                 rs895526    2  200162425    1  200162425  200164252    1.828 rs6704641
                rs6704641    2  200164252    1  200162425  200164252    1.828 rs895526
               rs17594321    2  203695265    0  203695265  203695265    0.001 NONE
               rs10207567    2  203714973    0  203714973  203714973    0.001 NONE
                rs2286963    2  211060050    2  210874246  211074909  200.664 rs3738934|rs3764913
                rs3764913    2  211074909    2  210874246  211074909  200.664 rs3738934|rs2286963
                rs1047891    2  211540507    0  211540507  211540507    0.001 NONE
                    rs715    2  211543055    0  211543055  211543055    0.001 NONE
               rs10189682    2  217646555    0  217646555  217646555    0.001 NONE
               rs10932679    2  217652591    0  217652591  217652591    0.001 NONE
                rs2712184    2  217682779    1  217674989  217682779    7.791 rs7587010
                rs2541381    2  217683836    0  217683836  217683836    0.001 NONE
                rs1351164    2  218271898    0  218271898  218271898    0.001 NONE
                 rs994533    2  218284278    0  218284278  218284278    0.001 NONE
                rs3791979    2  218667372    0  218667372  218667372    0.001 NONE
                rs1063281    2  218668732    0  218668732  218668732    0.001 NONE
                rs2292553    2  219146803    0  219146803  219146803    0.001 NONE
                rs2382817    2  219151218    0  219151218  219151218    0.001 NONE
                rs3738952    2  225362478    1  225337188  225362478   25.291 rs13016316
                rs6748341    2  225377574    0  225377574  225377574    0.001 NONE
                rs3103267    2  232988582    1  232988582  232989831     1.25 rs3116168
                rs3116168    2  232989831    1  232988582  232989831     1.25 rs3103267
                   rs9247    2  234113301    0  234113301  234113301    0.001 NONE
                rs1057258    2  234115629    0  234115629  234115629    0.001 NONE
                rs2241880    2  234183368    1  234183368  234184417     1.05 rs3792109
                rs3792109    2  234184417    1  234183368  234184417     1.05 rs2241880
                rs6781726    3   11508965    0   11508965   11508965    0.001 NONE
                rs1546231    3   11513678    0   11513678   11513678    0.001 NONE
                rs7643392    3   25174063    0   25174063   25174063    0.001 NONE
               rs73048404    3   25179533    0   25179533   25179533    0.001 NONE
                rs7619833    3   27509714    0   27509714   27509714    0.001 NONE
                 rs450189    3   27522700    0   27522700   27522700    0.001 NONE
                rs4502545    3   28303030    0   28303030   28303030    0.001 NONE
                rs4585155    3   28321586    0   28321586   28321586    0.001 NONE
               rs73057087    3   33068268    0   33068268   33068268    0.001 NONE
                rs6776757    3   33069091    0   33069091   33069091    0.001 NONE
               rs13096357    3   48675856    1   48675856   48682658    6.803 rs34638686
                rs9868809    3   48681053    0   48681053   48681053    0.001 NONE
                rs2624816    3   50117312    1   50117312   50129399   12.088 rs2013208
                rs2013208    3   50129399    1   50117312   50129399   12.088 rs2624816
                rs4434138    3   52556890    3   52556890   52728804  171.915 rs2251219|rs11177|rs6976
                  rs13303    3   52558008    1   52558008   52568805   10.798 rs7639267
                rs1458979    3   55150677    0   55150677   55150677    0.001 NONE
               rs12715478    3   55152319    0   55152319   55152319    0.001 NONE
                rs1490265    3   67452043    1   67452043   67455803    3.761 rs4132748
                rs4132748    3   67455803    1   67452043   67455803    3.761 rs1490265
               rs17655548    3   71365665    0   71365665   71365665    0.001 NONE
               rs11128212    3   71383379    0   71383379   71383379    0.001 NONE
               rs17718444    3   71499401    0   71499401   71499401    0.001 NONE
               rs11707890    3   71503479    0   71503479   71503479    0.001 NONE
               rs36023390    3   71523093    2   71523093   71531467    8.375 rs9828629|rs35483362
                rs9828629    3   71530346    2   71523093   71531467    8.375 rs36023390|rs35483362
               rs35483362    3   71531467    2   71523093   71531467    8.375 rs36023390|rs9828629
               rs11720523    3   71545170    1   71545170   71549639     4.47 rs6779258
                rs6798507    3   71547039    0   71547039   71547039    0.001 NONE
                rs6779258    3   71549639    1   71545170   71549639     4.47 rs11720523
               rs59382200    3  116959274    4  116959274  116970253    10.98 rs6798167|rs11712223|rs1551840|rs3900989
                rs6798167    3  116960438    4  116959274  116970253    10.98 rs59382200|rs11712223|rs1551840|rs3900989
                rs6783233    3  117509984    0  117509984  117509984    0.001 NONE
               rs34981078    3  117510714    0  117510714  117510714    0.001 NONE
               rs13065007    3  117522712    0  117522712  117522712    0.001 NONE
               rs11715566    3  117562436    2  117562436  117574822   12.387 rs13090448|rs6438424
                rs2293616    3  121641693    1  121641693  121652141   10.449 rs75557865
               rs75557865    3  121652141    1  121641693  121652141   10.449 rs2293616
                rs4678090    3  123880441    0  123880441  123880441    0.001 NONE
                rs9856289    3  123898877    0  123898877  123898877    0.001 NONE
                rs7630133    3  123923288    0  123923288  123923288    0.001 NONE
                rs1444768    3  123923922    0  123923922  123923922    0.001 NONE
                rs7630893    3  141759380    1  141759380  141766305    6.926 rs6791514
                rs6791514    3  141766305    1  141759380  141766305    6.926 rs7630893
                rs7643341    3  143726980    0  143726980  143726980    0.001 NONE
                rs6778487    3  143741867    0  143741867  143741867    0.001 NONE
                rs2279561    3  158431702    0  158431702  158431702    0.001 NONE
                rs9849301    3  158444860    0  158444860  158444860    0.001 NONE
                rs7652177    3  171969077    1  171969077  171970859    1.783 rs4243400
                rs4243400    3  171970859    1  171969077  171970859    1.783 rs7652177
               rs62296577    3  176849740    0  176849740  176849740    0.001 NONE
                rs7626218    3  176852038    0  176852038  176852038    0.001 NONE
                rs6804442    3  176909661    1  176909661  176913508    3.848 rs58823914
               rs58823914    3  176913508    1  176909661  176913508    3.848 rs6804442
                rs3887925    3  186665645    0  186665645  186665645    0.001 NONE
               rs16861329    3  186666461    0  186666461  186666461    0.001 NONE
                rs4420855    3  188057207    0  188057207  188057207    0.001 NONE
               rs13076750    3  188059443    0  188059443  188059443    0.001 NONE
                 rs870142    4    4648047    0    4648047    4648047    0.001 NONE
                rs2063413    4    4654357    0    4654357    4654357    0.001 NONE
                rs1801212    4    6302519    0    6302519    6302519    0.001 NONE
                rs1801214    4    6303022    0    6303022    6303022    0.001 NONE
                rs9330348    4    7883887    1    7883887    7891545    7.659 rs28795989
               rs28795989    4    7891545    1    7883887    7891545    7.659 rs9330348
                rs4478172    4    7902003    0    7902003    7902003    0.001 NONE
               rs62290561    4    7906329    0    7906329    7906329    0.001 NONE
                rs2702576    4   15058245    1   15058245   15059105    0.861 rs2702575
                rs2702575    4   15059105    1   15058245   15059105    0.861 rs2702576
                rs6821068    4   16322541    2   16277862   16332382   54.521 rs28608599|rs4484297
                rs4484297    4   16332382    1   16322541   16332382    9.842 rs6821068
                 rs724577    4   17993410    1   17993410   18008232   14.823 rs2610990
               rs35362908    4   17994298    1   17994298   18006089   11.792 rs6850306
                rs7438704    4   48363245    1   48363245   48363983    0.739 rs6837335
                rs6837335    4   48363983    1   48363245   48363983    0.739 rs7438704
               rs56921221    4   54352164    0   54352164   54352164    0.001 NONE
               rs12507563    4   54363194    0   54363194   54363194    0.001 NONE
                rs4864486    4   54580436    0   54580436   54580436    0.001 NONE
                rs1993838    4   54582974    0   54582974   54582974    0.001 NONE
                 rs871606    4   54799245    2   54799245   54801549    2.305 rs7671947|rs17083718
                rs7671947    4   54800759    2   54799245   54801549    2.305 rs871606|rs17083718
               rs17084051    4   55087581    0   55087581   55087581    0.001 NONE
                rs7673984    4   55088761    1   55088761   55094467    5.707 rs1800813
               rs13115570    4   56387392    2   56387392   56399648   12.257 rs13132420|rs13113518
               rs13132420    4   56392813    2   56387392   56399648   12.257 rs13115570|rs13113518
                rs1505676    4   62127291    1   62127291   62127538    0.248 rs1505677
                rs1505677    4   62127538    1   62127291   62127538    0.248 rs1505676
               rs12511037    4   75334864    0   75334864   75334864    0.001 NONE
                rs6819541    4   75341885    0   75341885   75341885    0.001 NONE
                rs6832779    4   83556631    1   83556631   83556706    0.076 rs6832951
                rs6832951    4   83556706    1   83556631   83556706    0.076 rs6832779
               rs34221980    4   83557431    0   83557431   83557431    0.001 NONE
              rs115007843    4   83575212    0   83575212   83575212    0.001 NONE
               rs60065504    4   83885209    0   83885209   83885209    0.001 NONE
                rs6535419    4   83890975    0   83890975   83890975    0.001 NONE
                rs7665103    4   84364751    0   84364751   84364751    0.001 NONE
                rs1494961    4   84374480    0   84374480   84374480    0.001 NONE
                rs4693978    4   89854167    0   89854167   89854167    0.001 NONE
                rs2609279    4   89855495    0   89855495   89855495    0.001 NONE
                rs2045517    4   89870964    2   89870964   89873092    2.129 rs7674369|rs6837671
                rs7674369    4   89872176    2   89870964   89873092    2.129 rs2045517|rs6837671
                rs1964516    4   89875909    0   89875909   89875909    0.001 NONE
                rs3857043    4   89882590    4   89882590   89886297    3.708 rs3846287|rs7671261|rs4693980|rs1903003
                 rs233811    4  103211254    0  103211254  103211254    0.001 NONE
               rs62327949    4  103216782    0  103216782  103216782    0.001 NONE
                rs3774937    4  103434253    0  103434253  103434253    0.001 NONE
                rs1585213    4  103444698    0  103444698  103444698    0.001 NONE
                rs2903385    4  106094427    1  106094427  106106353   11.927 rs10010325
               rs10010325    4  106106353    1  106094427  106106353   11.927 rs2903385
                rs1391440    4  106116961    0  106116961  106116961    0.001 NONE
               rs11726786    4  106120756    4  106109381  106199505   90.125 rs4699165|rs6855629|rs2454206|rs2647257
                rs1391441    4  106128760    1  106128760  106151843   23.084 rs1391438
                rs2007403    4  106131210    2  106131210  106151642   20.433 rs2047409|rs1391439
                rs1391438    4  106151843    1  106128760  106151843   23.084 rs1391441
                rs7683416    4  106152984    0  106152984  106152984    0.001 NONE
                rs2636699    4  106312813    1  106312813  106316427    3.615 rs2726528
                rs2726528    4  106316427    1  106312813  106316427    3.615 rs2636699
                rs2306556    4  156638573    1  156638573  156639888    1.316 rs72689147
               rs72689147    4  156639888    1  156638573  156639888    1.316 rs2306556
                rs4690909    4  159629151    0  159629151  159629151    0.001 NONE
               rs17843966    4  159629814    0  159629814  159629814    0.001 NONE
                rs2012709    5   32567732    1   32567732   32581186   13.455 rs12519859
               rs12519859    5   32581186    1   32567732   32581186   13.455 rs2012709
                rs2062708    5   32753672    0   32753672   32753672    0.001 NONE
                rs1173730    5   32763846    0   32763846   32763846    0.001 NONE
                rs1664789    5   53282649    0   53282649   53282649    0.001 NONE
                rs1694068    5   53283630    0   53283630   53283630    0.001 NONE
              rs111366116    5   53295546    1   53292390   53295546    3.157 rs7719168
                rs6450176    5   53298025    3   53298025   53308654    10.63 rs4311394|rs12654393|rs11296991
                  rs27220    5   59775136    0   59775136   59775136    0.001 NONE
               rs11746901    5   59781702    0   59781702   59781702    0.001 NONE
                rs6449533    5   60722644    0   60722644   60722644    0.001 NONE
                rs7709645    5   60731458    0   60731458   60731458    0.001 NONE
               rs74419120    5   60743418    1   60743418   60743605    0.188 rs74320437
               rs74320437    5   60743605    1   60743418   60743605    0.188 rs74419120
                rs2950218    5   61027042    0   61027042   61027042    0.001 NONE
                rs2974454    5   61030954    0   61030954   61030954    0.001 NONE
                rs3756668    5   67596088    1   67596088   67597321    1.234 rs9623
                   rs9623    5   67597321    1   67596088   67597321    1.234 rs3756668
               rs11748027    5   74909972    1   74909972   74910870    0.899 rs984976
                 rs984976    5   74910870    1   74909972   74910870    0.899 rs11748027
               rs13177755    5   87592237    0   87592237   87592237    0.001 NONE
                rs1367233    5   87597012    0   87597012   87597012    0.001 NONE
               rs62369123    5   87755411    0   87755411   87755411    0.001 NONE
                rs6452791    5   87771093    1   87633758   87771093  137.336 rs247911
                rs2067919    5   87783713    0   87783713   87783713    0.001 NONE
                rs6452792    5   87792844    0   87792844   87792844    0.001 NONE
                rs1501673    5   87963600    1   87963600   87968347    4.748 rs35991856
               rs35991856    5   87968347    1   87963600   87968347    4.748 rs1501673
                rs1423269    5   95255724    1   95255724   95262044    6.321 rs3777184
                rs3777184    5   95262044    1   95255724   95262044    6.321 rs1423269
               rs17482078    5   96118866    0   96118866   96118866    0.001 NONE
                  rs30187    5   96124330    1   96124330   96126308    1.979 rs27529
                rs6596771    5  107512536    1  107512536  107513703    1.168 rs10463586
               rs10463586    5  107513703    1  107512536  107513703    1.168 rs6596771
                rs1045241    5  118729286    1  118729286  118729327    0.042 rs1045242
                rs1045242    5  118729327    1  118729286  118729327    0.042 rs1045241
                rs1124235    5  127350123    0  127350123  127350123    0.001 NONE
                rs3749748    5  127350549    2  127350549  127524018   173.47 rs17764730|rs3101725
                rs3756290    5  130951750    0  130951750  130951750    0.001 NONE
               rs11950815    5  130955487    0  130955487  130955487    0.001 NONE
                 rs329118    5  133861663    1  133861663  133861756    0.094 rs329120
                 rs329120    5  133861756    1  133861663  133861756    0.094 rs329118
                 rs254562    5  134441457    2  134440426  134443606    3.181 rs254563|rs254560
                 rs254560    5  134443606    2  134440426  134443606    3.181 rs254563|rs254562
               rs13155345    5  137854924    1  137854924  137855305    0.382 rs13169274
               rs13169274    5  137855305    1  137854924  137855305    0.382 rs13155345
               rs11134672    5  170395820    0  170395820  170395820    0.001 NONE
                rs4242161    5  170458381    0  170458381  170458381    0.001 NONE
                rs7705502    5  173320815    4  173320815  173348156   27.342 rs55646464|rs75049939|rs17695092|rs10516107
               rs55646464    5  173324971    4  173320815  173348156   27.342 rs7705502|rs75049939|rs17695092|rs10516107
               rs11754632    6    2381492    0    2381492    2381492    0.001 NONE
                rs4959652    6    2386913    0    2386913    2386913    0.001 NONE
                rs9392465    6    3162378    0    3162378    3162378    0.001 NONE
               rs35351985    6    3166968    0    3166968    3166968    0.001 NONE
                rs3904600    6    7109665    0    7109665    7109665    0.001 NONE
                 rs687467    6    7128076    1    7128076    7139160   11.085 rs11303054
                rs1285886    6    7140831    1    7140831    7145191    4.361 rs557074
                 rs557074    6    7145191    1    7140831    7145191    4.361 rs1285886
                rs9379084    6    7231843    0    7231843    7231843    0.001 NONE
               rs35742417    6    7247344    0    7247344    7247344    0.001 NONE
               rs17606561    6   10982359    0   10982359   10982359    0.001 NONE
                rs3734398    6   10982973    0   10982973   10982973    0.001 NONE
                rs1144700    6   16744687    0   16744687   16744687    0.001 NONE
                 rs562760    6   16750011    0   16750011   16750011    0.001 NONE
                rs6939294    6   16950631    1   16950631   16952899    2.269 rs72829841
               rs72829841    6   16952899    1   16950631   16952899    2.269 rs6939294
                rs9358372    6   20812588    0   20812588   20812588    0.001 NONE
               rs12192912    6   20813212    0   20813212   20813212    0.001 NONE
              rs141007801    6   21722788    0   21722788   21722788    0.001 NONE
                rs9466161    6   21722916    0   21722916   21722916    0.001 NONE
                rs2294214    6   22056923    0   22056923   22056923    0.001 NONE
                 rs196052    6   22057200    0   22057200   22057200    0.001 NONE
                rs1207782    6   22059967    0   22059967   22059967    0.001 NONE
                 rs411535    6   22061040    0   22061040   22061040    0.001 NONE
               rs10484389    6   22075262    0   22075262   22075262    0.001 NONE
                rs1928175    6   22079485    0   22079485   22079485    0.001 NONE
               rs12196123    6   22082263    1   22082263   22100367   18.105 rs10946507
               rs10946507    6   22100367    2   22082263   22102443   20.181 rs12196123|rs964461
                 rs724744    6   22340391    1   22340391   22341469    1.079 rs1205896
                rs1205896    6   22341469    1   22340391   22341469    1.079 rs724744
                rs2744133    6   22392260    0   22392260   22392260    0.001 NONE
                rs2744132    6   22392823    0   22392823   22392823    0.001 NONE
               rs12525417    6   22591707    0   22591707   22591707    0.001 NONE
                rs7766436    6   22598259    0   22598259   22598259    0.001 NONE
                 rs198813    6   26128226    1   26128226   26139933   11.708 rs198800
                 rs198812    6   26128410    0   26128410   26128410    0.001 NONE
                rs4141885    6   26157481    0   26157481   26157481    0.001 NONE
                rs7749823    6   26158079    0   26158079   26158079    0.001 NONE
                rs1009181    6   26158993    1   26158993   26171250   12.258 rs1059490
                rs1059490    6   26171250    1   26158993   26171250   12.258 rs1009181
               rs62396185    6   26180634    2   26180634   26186200    5.567 rs7766641|rs9379832
                rs7766641    6   26184102    2   26180634   26186200    5.567 rs62396185|rs9379832
               rs67575965    6   26196593    1   26196593   26203910    7.318 rs11758351
                 rs806794    6   26200677    0   26200677   26200677    0.001 NONE
                rs2072806    6   26385093    1   26385093   26441725   56.633 rs573022400
                rs1796518    6   26388672    0   26388672   26388672    0.001 NONE
                rs2237234    6   26391394    0   26391394   26391394    0.001 NONE
                rs1614887    6   26393021    0   26393021   26393021    0.001 NONE
                rs3799378    6   26404374    0   26404374   26404374    0.001 NONE
                rs3799379    6   26404694    0   26404694   26404694    0.001 NONE
                rs3134900    6   31473957    0   31473957   31473957    0.001 NONE
                rs3132468    6   31475486    0   31475486   31475486    0.001 NONE
                 rs492899    6   31933518    0   31933518   31933518    0.001 NONE
                rs9296004    6   31933977    0   31933977   31933977    0.001 NONE
                rs3134950    6   32127477    1   32127477   32136547    9.071 rs1061808
                rs9267812    6   32128394    0   32128394   32128394    0.001 NONE
                 rs520692    6   32188640    1   32188640   32189032    0.393 rs415929
                 rs415929    6   32189032    1   32188640   32189032    0.393 rs520692
                rs2157337    6   32501144    1   32501144   32517045   15.902 rs111945767
              rs111945767    6   32517045    1   32501144   32517045   15.902 rs2157337
                rs9273410    6   32627250    0   32627250   32627250    0.001 NONE
                rs1063355    6   32627714    1   32627714   32627923     0.21 rs1063348
                rs1063348    6   32627923    1   32627714   32627923     0.21 rs1063355
               rs36205178    6   32627938    0   32627938   32627938    0.001 NONE
               rs11755393    6   34824636    0   34824636   34824636    0.001 NONE
               rs16894959    6   34825662    0   34825662   34825662    0.001 NONE
                 rs707968    6   35058117    0   35058117   35058117    0.001 NONE
                rs9366876    6   35066046    0   35066046   35066046    0.001 NONE
               rs12199215    6   44026914    0   44026914   44026914    0.001 NONE
                 rs833805    6   44030011    0   44030011   44030011    0.001 NONE
               rs72925996    6   90930513    3   90930513   90958502    27.99 rs17585295|rs62408225|rs905670
               rs60066732    6   90935383    1   90935383   90944831    9.449 rs17585295
               rs11755527    6   90958231    1   90957463   90958231    0.769 rs3757247
                 rs905670    6   90958502    2   90930513   90958502    27.99 rs72925996|rs62408225
                rs9498925    6   96508389    0   96508389   96508389    0.001 NONE
                rs7775100    6   96519657    0   96519657   96519657    0.001 NONE
               rs11153822    6   98214814    0   98214814   98214814    0.001 NONE
              rs112375785    6   98224217    0   98224217   98224217    0.001 NONE
                rs6938973    6   98421721    5   98421721   98546547  124.827 rs9320823|rs10872224|rs28792186|rs901630|rs35099767
                rs4587178    6   98421991    0   98421991   98421991    0.001 NONE
                rs9320823    6   98429337    5   98421721   98546547  124.827 rs6938973|rs10872224|rs28792186|rs901630|rs35099767
               rs10872224    6   98435125    5   98421721   98546547  124.827 rs6938973|rs9320823|rs28792186|rs901630|rs35099767
                rs9401593    6   98549801    7   98549801   98576223   26.423 rs1906252|rs1487441|rs9375188|rs1487445|rs10457441|rs968050|rs12202969
                rs1906252    6   98550289    7   98549801   98576223   26.423 rs9401593|rs1487441|rs9375188|rs1487445|rs10457441|rs968050|rs12202969
                rs1487445    6   98565211    7   98549801   98576223   26.423 rs9401593|rs1906252|rs1487441|rs9375188|rs10457441|rs968050|rs12202969
               rs10457441    6   98572120    7   98549801   98576223   26.423 rs9401593|rs1906252|rs1487441|rs9375188|rs1487445|rs968050|rs12202969
                rs1794818    6  111968788    0  111968788  111968788    0.001 NONE
                rs1726140    6  111971386    0  111971386  111971386    0.001 NONE
                rs2148710    6  112122226    1  112122226  112132032    9.807 rs7757969
                rs7757969    6  112132032    1  112122226  112132032    9.807 rs2148710
                 rs210621    6  117869491    1  117869491  117880342   10.852 rs210632
               rs10457315    6  117871548    1  117871548  117871836    0.289 rs9285425
                rs9491565    6  126459465    0  126459465  126459465    0.001 NONE
                rs4363059    6  126466605    0  126466605  126466605    0.001 NONE
                rs9398823    6  127197773    2  127197773  127200643    2.871 rs9388537|rs11154376
                rs9388537    6  127198630    2  127197773  127200643    2.871 rs9398823|rs11154376
                rs7770810    6  141992625    3  141992625  141995944     3.32 rs1577948|rs1572604|rs1572605
                rs1577948    6  141994355    3  141992625  141995944     3.32 rs7770810|rs1572604|rs1572605
                rs9373363    6  143150043    0  143150043  143150043    0.001 NONE
                 rs198663    6  143152086    0  143152086  143152086    0.001 NONE
               rs12196629    6  155329403    0  155329403  155329403    0.001 NONE
               rs13201764    6  155332118    1  155332118  155332315    0.198 rs13219291
                 rs287883    6  157140077    1  157140077  157143339    3.263 rs287879
                 rs287879    6  157143339    1  157140077  157143339    3.263 rs287883
                rs9364973    6  158975716    1  158975716  158976277    0.562 rs4709212
                rs4709212    6  158976277    1  158975716  158976277    0.562 rs9364973
                rs6463311    7    5231628    1    5231628    5234362    2.735 rs7777063
                rs7777063    7    5234362    1    5231628    5234362    2.735 rs6463311
                rs2966440    7    5546096    0    5546096    5546096    0.001 NONE
               rs10268683    7    5550938    0    5550938    5550938    0.001 NONE
                rs2908425    7    5569327    1    5569327    5569715    0.389 rs2966450
                rs2966450    7    5569715    1    5569327    5569715    0.389 rs2908425
                rs7782328    7    5807959    0    5807959    5807959    0.001 NONE
               rs35745455    7    5824100    0    5824100    5824100    0.001 NONE
               rs35589149    7    6426273    0    6426273    6426273    0.001 NONE
               rs79237498    7    6436865    0    6436865    6436865    0.001 NONE
                 rs702485    7    6449272    0    6449272    6449272    0.001 NONE
                rs2303361    7    6449496    0    6449496    6449496    0.001 NONE
               rs62454712    7    6498057    2    6498057    6524843   26.787 rs6796|rs2347784
                   rs6796    7    6502367    2    6498057    6524843   26.787 rs62454712|rs2347784
                rs6964421    7    6520676    0    6520676    6520676    0.001 NONE
                rs2347784    7    6524843    2    6498057    6524843   26.787 rs62454712|rs6796
                rs1474419    7    6692605    1    6692605    6704332   11.728 rs2251188
                rs2251188    7    6704332    1    6692605    6704332   11.728 rs1474419
                rs2881756    7    7256440    1    7256440    7256490    0.051 rs4318980
                rs4318980    7    7256490    1    7256440    7256490    0.051 rs2881756
               rs11771259    7    7277215    0    7277215    7277215    0.001 NONE
               rs10246303    7    7286445    0    7286445    7286445    0.001 NONE
                rs4142995    7   17919258    0   17919258   17919258    0.001 NONE
               rs17138358    7   17920253    0   17920253   17920253    0.001 NONE
                rs7808664    7   32917550    4   32917550   32971236   53.687 rs113931125|rs3956705|rs12701263|rs12701265
                rs3750082    7   32919927    0   32919927   32919927    0.001 NONE
                rs3956705    7   32953295    4   32917550   32971236   53.687 rs7808664|rs113931125|rs12701263|rs12701265
                rs1376303    7   32955265    0   32955265   32955265    0.001 NONE
               rs12701265    7   32971236    4   32917550   32971236   53.687 rs7808664|rs113931125|rs3956705|rs12701263
               rs34421297    7   32989272    0   32989272   32989272    0.001 NONE
                rs1717720    7   38112615    2   38112615   38128326   15.712 rs1524065|rs6959212
                rs1524065    7   38126589    2   38112615   38128326   15.712 rs1717720|rs6959212
               rs12531458    7   39090698    0   39090698   39090698    0.001 NONE
               rs10951590    7   39091043    0   39091043   39091043    0.001 NONE
                rs2299156    7   50764404    0   50764404   50764404    0.001 NONE
              rs145761614    7   50776486    0   50776486   50776486    0.001 NONE
               rs35069269    7   71745699    1   71745699   71763861   18.163 rs4719223
                rs1978102    7   71750298    4   71750298   71770703   20.406 rs12699131|rs12532494|rs56150095|rs2944839
                rs1178979    7   72856430    4   72856430   72934510   78.081 rs1178977|rs6976930|rs17145713|rs7811265
                rs1178977    7   72857049    4   72856430   72934510   78.081 rs1178979|rs6976930|rs17145713|rs7811265
               rs34166762    7   73018524    2   73018524   73035857   17.334 rs12531645|rs7800944
                rs3812316    7   73020337 12   72856269   73029437  173.169 rs2240466|rs13231516|rs714052|rs2074755|rs13244268|rs13233571|rs111269058|rs35173225|rs35332062|rs13234131|rs13234378|rs33951980
               rs55747707    7   73037366    2   73037366   73042085     4.72 rs34121855|rs62466318
               rs34121855    7   73040814    2   73037366   73042085     4.72 rs55747707|rs62466318
                rs6460047    7   73042443    0   73042443   73042443    0.001 NONE
                rs7786376    7   73042614    1   73035857   73042614    6.758 rs7800944
                 rs799165    7   73052057    0   73052057   73052057    0.001 NONE
                rs6957745    7   73056750    1   73056750   73058017    1.268 rs7777102
              rs150264463    7   73186344    0   73186344   73186344    0.001 NONE
                rs4302704    7   73187952    0   73187952   73187952    0.001 NONE
              rs113946216    7   73303742    0   73303742   73303742    0.001 NONE
               rs13241670    7   73318286    0   73318286   73318286    0.001 NONE
               rs13243640    7   74060455    1   74060455   74076493   16.039 rs13238568
               rs13238568    7   74076493    1   74060455   74076493   16.039 rs13243640
                rs1167796    7   75173180    1   75173180   75176196    3.017 rs1167800
                rs1167800    7   75176196    1   75173180   75176196    3.017 rs1167796
               rs13226583    7   75454152    1   75454152   75460571     6.42 rs71560490
                 rs740311    7   75460567    0   75460567   75460567    0.001 NONE
               rs12113288    7   75920815    0   75920815   75920815    0.001 NONE
                rs2868371    7   75930759    0   75930759   75930759    0.001 NONE
                rs2245368    7   76608143    1   76608143   76609944    1.802 rs2430307
                rs2430307    7   76609944    1   76608143   76609944    1.802 rs2245368
                   rs8179    7   92236164    1   92236164   92237533     1.37 rs42033
                   rs4272    7   92236829    0   92236829   92236829    0.001 NONE
                  rs42032    7   92237426    0   92237426   92237426    0.001 NONE
                  rs42033    7   92237533    1   92236164   92237533     1.37 rs8179
                  rs42034    7   92239144    0   92239144   92239144    0.001 NONE
                  rs42377    7   92243672    1   92243672   92243719    0.048 rs42038
                  rs42038    7   92243719    1   92243672   92243719    0.048 rs42377
                  rs42039    7   92244422    0   92244422   92244422    0.001 NONE
               rs11974702    7   99163951    0   99163951   99163951    0.001 NONE
                 rs952319    7   99171449    0   99171449   99171449    0.001 NONE
               rs10242455    7   99240179    1   99240179   99252179   12.001 rs12333599
               rs12333599    7   99252179    1   99240179   99252179   12.001 rs10242455
                rs7789569    7  104927586    2  104927586  104930250    2.665 rs6466055|rs2057884
                rs6466055    7  104929064    2  104927586  104930250    2.665 rs7789569|rs2057884
                 rs727644    7  114109349    1  114109349  114142250   32.902 rs1015511
                rs2189008    7  114123308    0  114123308  114123308    0.001 NONE
                rs7803075    7  130742066    2  130742066  130761235    19.17 rs12669378|rs10954300
               rs12669378    7  130758576    2  130742066  130761235    19.17 rs7803075|rs10954300
                rs1364505    7  132030011    0  132030011  132030011    0.001 NONE
                rs6959579    7  132032495    0  132032495  132032495    0.001 NONE
                rs4422723    7  133606158    0  133606158  133606158    0.001 NONE
                rs1030268    7  133606631    0  133606631  133606631    0.001 NONE
               rs35524253    8    4823608    1    4823608    4833790   10.183 rs7463166
                rs4266671    8    4829193    1    4829193    4833790    4.598 rs7463166
                 rs378974    8    9026639    2    9026639    9026940    0.302 rs440932|rs365309
                 rs440932    8    9026929    2    9026639    9026940    0.302 rs378974|rs365309
                rs3748136    8    9030160    0    9030160    9030160    0.001 NONE
                 rs453301    8    9030387    0    9030387    9030387    0.001 NONE
               rs34919878    8   10099504    1   10099504   10117411   17.908 rs11776973
               rs11776973    8   10117411    1   10099504   10117411   17.908 rs34919878
                rs6601426    8   10128683    0   10128683   10128683    0.001 NONE
                rs4240637    8   10129757    0   10129757   10129757    0.001 NONE
               rs34328494    8   10136047    0   10136047   10136047    0.001 NONE
                rs2952251    8   10143164    0   10143164   10143164    0.001 NONE
               rs17151637    8   10153082    0   10153082   10153082    0.001 NONE
               rs34028848    8   10158416    0   10158416   10158416    0.001 NONE
               rs79001489    8   10161088    0   10161088   10161088    0.001 NONE
               rs11990063    8   10165195    0   10165195   10165195    0.001 NONE
                rs4401911    8   10306928    0   10306928   10306928    0.001 NONE
               rs34144801    8   10309032    0   10309032   10309032    0.001 NONE
                 rs709822    8   11702313    0   11702313   11702313    0.001 NONE
                   rs3947    8   11702375    0   11702375   11702375    0.001 NONE
                  rs13332    8   11706581    0   11706581   11706581    0.001 NONE
                rs1293292    8   11710369    0   11710369   11710369    0.001 NONE
                rs7000590    8   32400628    0   32400628   32400628    0.001 NONE
                rs6996585    8   32400803    1   32400803   32401501    0.699 rs7005606
                rs7005606    8   32401501    1   32400803   32401501    0.699 rs6996585
               rs73234132    8   32402241    0   32402241   32402241    0.001 NONE
               rs10958717    8   42351585    1   42351585   42352007    0.423 rs9643888
                rs9643888    8   42352007    1   42351585   42352007    0.423 rs10958717
                rs2246873    8   57433941    1   57433941   57436577    2.637 rs1866823
                rs1866823    8   57436577    1   57433941   57436577    2.637 rs2246873
               rs13277976    8   61679038    1   61679038   61685194    6.157 rs7842389
                rs7842389    8   61685194    1   61679038   61685194    6.157 rs13277976
               rs16905897    8   79561746    0   79561746   79561746    0.001 NONE
                rs1021156    8   79575804    0   79575804   79575804    0.001 NONE
                 rs764982    8  119757827    0  119757827  119757827    0.001 NONE
                rs4876858    8  119773438    0  119773438  119773438    0.001 NONE
                rs6983267    8  128413305    0  128413305  128413305    0.001 NONE
                rs7013278    8  128414892    0  128414892  128414892    0.001 NONE
               rs10956675    8  133702102    1  133702102  133708897    6.796 rs10956677
               rs10956677    8  133708897    1  133702102  133708897    6.796 rs10956675
                rs4454254    8  141060027    0  141060027  141060027    0.001 NONE
               rs10088725    8  141060747    1  141059650  141060747    1.098 rs4631439
               rs10975385    9     607178    0     607178     607178    0.001 NONE
               rs10815355    9     622523    0     622523     622523    0.001 NONE
                rs7044150    9    2982931    1    2982931    2983774    0.844 rs1354115
                rs1354115    9    2983774    1    2982931    2983774    0.844 rs7044150
                rs6476827    9    4220832    1    4217028    4220832    3.805 rs736893
               rs10119187    9    4223660    0    4223660    4223660    0.001 NONE
                rs7041847    9    4287466    2    4287466    4296430    8.965 rs7020673|rs10814917
                rs7034200    9    4289050    1    4289050    4293150    4.101 rs10814916
               rs10974438    9    4291928    0    4291928    4291928    0.001 NONE
               rs10814916    9    4293150    1    4289050    4293150    4.101 rs7034200
                rs3904778    9   16681993    2   16681993   16700837   18.845 rs4961733|rs10756785
                rs4961733    9   16686327    2   16681993   16700837   18.845 rs3904778|rs10756785
                rs7028032    9   18362601    1   18362601   18362865    0.265 rs10511652
               rs10511652    9   18362865    1   18362601   18362865    0.265 rs7028032
                rs1412829    9   22043926    2   22043926   22056359   12.434 rs1360589|rs7866783
                rs1360589    9   22045317    2   22043926   22056359   12.434 rs1412829|rs7866783
               rs12344656    9   28604268    1   28604268   28607877     3.61 rs10812851
               rs10812851    9   28607877    1   28604268   28607877     3.61 rs12344656
               rs10973207    9   37100525    0   37100525   37100525    0.001 NONE
               rs13293465    9   37127678    1   37127678   37244505  116.828 rs12554976
                 rs696825    9   86583076    0   86583076   86583076    0.001 NONE
                 rs167203    9   86593314    0   86593314   86593314    0.001 NONE
                rs7037424    9   88921290    0   88921290   88921290    0.001 NONE
                 rs700768    9   88937617    0   88937617   88937617    0.001 NONE
                rs1800978    9  107665978    1  107665978  107666035    0.058 rs1799777
                rs1799777    9  107666035    1  107665978  107666035    0.058 rs1800978
               rs10817133    9  113791974    1  113791974  113792706    0.733 rs3739707
                rs3739707    9  113792706    1  113791974  113792706    0.733 rs10817133
                rs1752165    9  126558810    2  126558810  126596547   37.738 rs541160|rs543070
                 rs541160    9  126590687    2  126558810  126596547   37.738 rs1752165|rs543070
                 rs600704    9  126624381    0  126624381  126624381    0.001 NONE
                rs2670139    9  126634255    0  126634255  126634255    0.001 NONE
                  rs13631    9  140006202    0  140006202  140006202    0.001 NONE
               rs10747049    9  140008750    0  140008750  140008750    0.001 NONE
                rs1043003   10    3820787    0    3820787    3820787    0.001 NONE
               rs68192277   10    3823142    0    3823142    3823142    0.001 NONE
               rs12774134   10    4963327    1    4963327    4965434    2.108 rs4332428
                rs4332428   10    4965434    1    4963327    4965434    2.108 rs12774134
               rs10905065   10    5769827    0    5769827    5769827    0.001 NONE
               rs45575338   10    5784151    0    5784151    5784151    0.001 NONE
               rs12780111   10    9296650    0    9296650    9296650    0.001 NONE
               rs34350610   10    9310921    0    9310921    9310921    0.001 NONE
                rs7904832   10   10912189    0   10912189   10912189    0.001 NONE
               rs10752212   10   10917121    0   10917121   10917121    0.001 NONE
                rs4748734   10   21210538    0   21210538   21210538    0.001 NONE
               rs10828151   10   21211755    0   21211755   21211755    0.001 NONE
                rs3739998   10   30316072    0   30316072   30316072    0.001 NONE
                rs9337951   10   30317073    0   30317073   30317073    0.001 NONE
                 rs610493   10   34578733    0   34578733   34578733    0.001 NONE
                rs2197012   10   34583635    0   34583635   34583635    0.001 NONE
                rs3123078   10   51524971    0   51524971   51524971    0.001 NONE
               rs10763567   10   51538169    1   51538169   51546336    8.168 rs11006489
                rs4631830   10   51543344    0   51543344   51543344    0.001 NONE
               rs11006489   10   51546336    1   51538169   51546336    8.168 rs10763567
                   rs1935   10   64927823 14   64927823   65203808  275.986 rs10761739|rs10761741|rs10740118|rs7896518|rs10822161|rs12355784|rs7923609|rs2893919|rs7910927|rs10761751|rs7896783|rs10822168|rs10761756|rs3999089
               rs10761739   10   65062008 14   64927823   65203808  275.986 rs1935|rs10761741|rs10740118|rs7896518|rs10822161|rs12355784|rs7923609|rs2893919|rs7910927|rs10761751|rs7896783|rs10822168|rs10761756|rs3999089
               rs10761765   10   65188973    1   65180776   65188973    8.198 rs6479901
                rs7924036   10   65191645    0   65191645   65191645    0.001 NONE
                rs2932878   10   66651839    1   66651839   66652165    0.327 rs35377646
               rs35377646   10   66652165    1   66651839   66652165    0.327 rs2932878
               rs41280378   10   74692646    0   74692646   74692646    0.001 NONE
               rs12257692   10   74703849    0   74703849   74703849    0.001 NONE
               rs12413181   10   94776479    0   94776479   94776479    0.001 NONE
                rs7895716   10   94783777    0   94783777   94783777    0.001 NONE
                rs2274224   10   96039597    0   96039597   96039597    0.001 NONE
                rs3765524   10   96058298    0   96058298   96058298    0.001 NONE
                rs9633675   10   96210400    0   96210400   96210400    0.001 NONE
                rs7921721   10   96229519    0   96229519   96229519    0.001 NONE
                rs4345897   10  100147060    0  100147060  100147060    0.001 NONE
                rs2147896   10  100148176    0  100148176  100148176    0.001 NONE
                 rs943037   10  104835919    3  104835919  104959188   123.27 rs10786736|rs112913898|rs11191607
               rs10786736   10  104849116    3  104835919  104959188   123.27 rs943037|rs112913898|rs11191607
              rs112913898   10  104958900    3  104835919  104959188   123.27 rs943037|rs10786736|rs11191607
               rs11191607   10  104959188    3  104835919  104959188   123.27 rs943037|rs10786736|rs112913898
                rs1129555   10  113910721    2  113910721  113917085    6.365 rs2297991|rs2254537
                rs2297991   10  113913222    2  113910721  113917085    6.365 rs1129555|rs2254537
               rs10886012   10  118550021    0  118550021  118550021    0.001 NONE
                rs1681739   10  118563329    0  118563329  118563329    0.001 NONE
                rs4962694   10  126436717    1  126436717  126461368   24.652 rs2363340
              rs111456533   10  126439381    0  126439381  126439381    0.001 NONE
                rs2280543   11     203788    0     203788     203788    0.001 NONE
                rs3782123   11     205198    0     205198     205198    0.001 NONE
                  rs10398   11     308180    0     308180     308180    0.001 NONE
                rs1058900   11     308290    0     308290     308290    0.001 NONE
               rs11030967   11    4129120    1    4129120    4129859     0.74 rs11030976
               rs11030976   11    4129859    1    4129120    4129859     0.74 rs11030967
              rs112176573   11    5297429    0    5297429    5297429    0.001 NONE
                rs4910742   11    5306509    0    5306509    5306509    0.001 NONE
                rs7937298   11    8867509    1    8862530    8867509     4.98 rs7945705
                rs2742552   11    8876852    0    8876852    8876852    0.001 NONE
                rs1156725   11   16307700    0   16307700   16307700    0.001 NONE
               rs12799126   11   16308463    4   16308463   16337827   29.365 rs893311|rs11023906|rs11023910|rs7121869
               rs11031122   11   30547438    0   30547438   30547438    0.001 NONE
                 rs490445   11   30565144    0   30565144   30565144    0.001 NONE
                 rs174535   11   61551356    2   61551356   61569830   18.475 rs174545|rs174546
                 rs174538   11   61560081    3   61560081   61569830     9.75 rs174544|rs174545|rs174546
               rs12790427   11   65384727    0   65384727   65384727    0.001 NONE
               rs61744384   11   65387378    0   65387378   65387378    0.001 NONE
                rs3829241   11   68855363    1   68855363   68855595    0.233 rs1060435
                rs1060435   11   68855595    1   68855363   68855595    0.233 rs3829241
               rs72930293   11   69073420    0   69073420   69073420    0.001 NONE
               rs11228620   11   69074342    0   69074342   69074342    0.001 NONE
               rs34345560   11   69081998    0   69081998   69081998    0.001 NONE
               rs12808959   11   69087550    0   69087550   69087550    0.001 NONE
                rs7102705   11   69143284    0   69143284   69143284    0.001 NONE
                rs7125498   11   69151490    0   69151490   69151490    0.001 NONE
                rs7115200   11   71752160    0   71752160   71752160    0.001 NONE
                rs7116495   11   71762085    0   71762085   71762085    0.001 NONE
                rs2510044   11   77909014    0   77909014   77909014    0.001 NONE
                rs2256464   11   77917305    0   77917305   77917305    0.001 NONE
                 rs536841   11   85787824    2   85776544   85800279   23.736 rs867611|rs561655
                 rs561655   11   85800279    1   85787824   85800279   12.456 rs536841
               rs67598967   11   85843197    0   85843197   85843197    0.001 NONE
                rs3844143   11   85850243    1   85850243   85858253    8.011 rs10898438
                rs3851186   11   85931325    1   85931325   85935945    4.621 rs7947529
                rs7947529   11   85935945    1   85931325   85935945    4.621 rs3851186
               rs12576144   11   86326789    0   86326789   86326789    0.001 NONE
               rs17757676   11   86329018    0   86329018   86329018    0.001 NONE
                rs7948924   11   86400957    3   86400957   86410241    9.285 rs7939319|rs746491|rs2433414
                rs7939319   11   86401227    3   86400957   86410241    9.285 rs7948924|rs746491|rs2433414
              rs145729347   11   86442733    2   86442733   86448839    6.107 rs117261012|rs11234768
              rs117261012   11   86444761    2   86442733   86448839    6.107 rs145729347|rs11234768
                rs7116046   11  105827909    2  105814770  105845562   30.793 rs1939800|rs592656
                 rs592656   11  105845562    1  105827909  105845562   17.654 rs7116046
                rs1055075   11  113239512    0  113239512  113239512    0.001 NONE
                rs2186800   11  113242860    0  113242860  113242860    0.001 NONE
               rs28927680   11  116619073    1  116619073  116633862    14.79 rs11820589
               rs11820589   11  116633862    1  116619073  116633862    14.79 rs28927680
                rs7931398   11  116879676    0  116879676  116879676    0.001 NONE
               rs11216230   11  116884789    0  116884789  116884789    0.001 NONE
                 rs573455   11  117267884    0  117267884  117267884    0.001 NONE
                   rs8258   11  117283676    0  117283676  117283676    0.001 NONE
                rs4127499   11  122176383    0  122176383  122176383    0.001 NONE
                rs1109768   11  122192439    0  122192439  122192439    0.001 NONE
                rs1063857   12    6153514    1    6153514    6153534    0.021 rs1063856
                rs1063856   12    6153534    1    6153514    6153534    0.021 rs1063857
               rs10772420   12   11174276    1   11174276   11279092  104.817 rs1031391
                rs2597979   12   11189966    1   11189966   11216315    26.35 rs2708377
                rs2268127   12   13940848    0   13940848   13940848    0.001 NONE
                 rs220558   12   13948065    0   13948065   13948065    0.001 NONE
               rs76300959   12   21161178    0   21161178   21161178    0.001 NONE
                rs4762694   12   21176987    0   21176987   21176987    0.001 NONE
                rs7308872   12   51120174    0   51120174   51120174    0.001 NONE
                rs1047912   12   51138862    0   51138862   51138862    0.001 NONE
                rs3816804   12   56680745    0   56680745   56680745    0.001 NONE
               rs36207871   12   56684496    1   56647911   56684496   36.586 rs808919
                rs7973618   12   57019443    0   57019443   57019443    0.001 NONE
                 rs941207   12   57023284    1   57023284   57114100   90.817 rs2926743
                rs4760355   12   57725197    3   57725197   57809456    84.26 rs7971133|rs11613352|rs1106766
                rs7971133   12   57770098    3   57725197   57809456    84.26 rs4760355|rs11613352|rs1106766
                rs1918202   12   79584218    2   79584218   79659040   74.823 rs6539284|rs6539344
                rs6539284   12   79592680    2   79584218   79659040   74.823 rs1918202|rs6539344
                rs7313352   12   88949124    3   88949124   88955642    6.519 rs3782181|rs4474514|rs1907703
                rs3782181   12   88953561    3   88949124   88955642    6.519 rs7313352|rs4474514|rs1907703
                rs1401982   12   89989599    2   89989599   90025622   36.024 rs7297206|rs2681485
                rs2681472   12   90008959    8   90008959   90069276   60.318 rs2681492|rs57481061|rs11105352|rs11105354|rs12579302|rs111478946|rs17249754|rs11105364
                rs2681485   12   90025622    2   89989599   90025622   36.024 rs1401982|rs7297206
               rs11105352   12   90026462    7   90008959   90069276   60.318 rs2681472|rs2681492|rs11105354|rs12579302|rs111478946|rs17249754|rs11105364
               rs55971426   12   96204536    0   96204536   96204536    0.001 NONE
                rs2060546   12   96215456    0   96215456   96215456    0.001 NONE
                rs2098414   12   97274300    0   97274300   97274300    0.001 NONE
                 rs252195   12   97274480    0   97274480   97274480    0.001 NONE
                rs3741782   12  109095137    0  109095137  109095137    0.001 NONE
                rs4964273   12  109103673    0  109103673  109103673    0.001 NONE
                rs3184504   12  111884608    0  111884608  111884608    0.001 NONE
                 rs739496   12  111887659    0  111887659  111887659    0.001 NONE
                rs1061651   12  115108361    0  115108361  115108361    0.001 NONE
                   rs8853   12  115108907    0  115108907  115108907    0.001 NONE
               rs56273049   12  121156041    1  121156041  121157536    1.496 rs55730005
               rs55730005   12  121157536    1  121156041  121157536    1.496 rs56273049
                rs1799958   12  121176083    1  121176083  121177272     1.19 rs3916
                   rs3916   12  121177272    1  121176083  121177272     1.19 rs1799958
   rs28498002;rs570315094   12  122599796    1  122599796  122606837    7.042 rs11059094
                rs4132934   12  122606176    0  122606176  122606176    0.001 NONE
                rs1727326   12  123600086    0  123600086  123600086    0.001 NONE
                rs1727294   12  123616514    0  123616514  123616514    0.001 NONE
               rs10773003   12  123775127    0  123775127  123775127    0.001 NONE
                rs1060105   12  123806219    1  123593382  123806219  212.838 rs7132277
                   rs9863   12  124421453    0  124421453  124421453    0.001 NONE
               rs11057401   12  124427306    0  124427306  124427306    0.001 NONE
                rs1218822   13   28011963    0   28011963   28011963    0.001 NONE
                rs7992832   13   28013501    0   28013501   28013501    0.001 NONE
                 rs703212   13   33040430    0   33040430   33040430    0.001 NONE
                rs9591012   13   33058333    0   33058333   33058333    0.001 NONE
              rs532990872   13   33180044    1   33180044   33184288    4.245 rs9595908
                rs9595908   13   33184288    1   33180044   33184288    4.245 rs532990872
                rs4325427   13   41216534    0   41216534   41216534    0.001 NONE
                rs9549243   13   41217205    0   41217205   41217205    0.001 NONE
               rs61123801   13   41390781    0   41390781   41390781    0.001 NONE
                rs9549297   13   41397482    0   41397482   41397482    0.001 NONE
                rs9535495   13   51388960    0   51388960   51388960    0.001 NONE
                rs9316505   13   51390598    0   51390598   51390598    0.001 NONE
                rs7338461   13   76245542    4   76245542   76257266   11.725 rs9530458|rs9544020|rs111870938|rs9544022
                rs9530458   13   76249275    4   76245542   76257266   11.725 rs7338461|rs9544020|rs111870938|rs9544022
                rs4981446   14   23381413    1   23381413   23382640    1.228 rs10137343
               rs10137343   14   23382640    1   23381413   23382640    1.228 rs4981446
                rs2004925   14   25445362    3   25445362   25461989   16.628 rs8017228|rs2332462|rs2038700
                rs8017228   14   25449226    3   25445362   25461989   16.628 rs2004925|rs2332462|rs2038700
              rs113131010   14   35241254    2   35226811   35259151   32.341 rs151102833|rs4982211
                rs4982211   14   35259151    2   35226811   35259151   32.341 rs151102833|rs113131010
                    rs696   14   35871093    1   35871093   35871217    0.125 rs8904
                   rs8904   14   35871217    1   35871093   35871217    0.125 rs696
                rs6573626   14   66240695    2   66219517   66244655   25.139 rs10483785|rs8022764
                rs8022764   14   66244655    2   66219517   66244655   25.139 rs10483785|rs6573626
                rs7143026   14   66250956    0   66250956   66250956    0.001 NONE
               rs67662065   14   66250999    0   66250999   66250999    0.001 NONE
                rs1147479   14   69609498    1   69609498   69614979    5.482 rs1147478
                rs1147478   14   69614979    1   69609498   69614979    5.482 rs1147479
                 rs945310   14   70178337    0   70178337   70178337    0.001 NONE
                rs1275824   14   70194563    0   70194563   70194563    0.001 NONE
               rs12435136   14   77856184    2   77856184   77862679    6.496 rs8018808|rs11361923
                rs8018808   14   77858336    2   77856184   77862679    6.496 rs12435136|rs11361923
                rs2370983   14   79903376    0   79903376   79903376    0.001 NONE
               rs72690737   14   79930644    0   79930644   79930644    0.001 NONE
                rs3783890   14   93790276    1   93790276   93799221    8.946 rs2273640
                rs2273640   14   93799221    1   93790276   93799221    8.946 rs3783890
                 rs807734   14   99688670    0   99688670   99688670    0.001 NONE
               rs55913542   14   99693843    0   99693843   99693843    0.001 NONE
                rs1071803   14  106209119    1  106209119  106219891   10.773 rs9805939
                rs2012888   14  106211784    0  106211784  106211784    0.001 NONE
               rs78745329   14  106479137    0  106479137  106479137    0.001 NONE
               rs75605943   14  106483988    0  106483988  106483988    0.001 NONE
              rs201076896   14  107095259    2  107095259  107095269    0.011 rs201691548|rs202166511
              rs201691548   14  107095260    2  107095259  107095269    0.011 rs201076896|rs202166511
               rs10139058   14  107141916    1  107141916  107142378    0.463 rs8004835
                rs8004835   14  107142378    1  107141916  107142378    0.463 rs10139058
               rs66759488   15   47577451    1   47577451   47579004    1.554 rs1378214
                rs1378214   15   47579004    1   47577451   47579004    1.554 rs66759488
                rs7178196   15   57078278    0   57078278   57078278    0.001 NONE
                rs1647381   15   57086199    0   57086199   57086199    0.001 NONE
               rs12899618   15   71645120    1   71645120   71655735   10.616 rs12102112
               rs12102112   15   71655735    1   71645120   71655735   10.616 rs12899618
                 rs743580   15   74328116    1   74328116   74328576    0.461 rs9479
                   rs9479   15   74328576    1   74328116   74328576    0.461 rs743580
                  rs13180   15   78789488    1   78789488   78792398    2.911 rs12899351
               rs12899351   15   78792398    1   78789488   78792398    2.911 rs13180
               rs16969968   15   78882925    3   78882925   78894339   11.415 rs8192482|rs4887067|rs1051730
                rs8192482   15   78886198    3   78882925   78894339   11.415 rs16969968|rs4887067|rs1051730
                rs1994016   15   79080234    1   79080234   79089111    8.878 rs3825807
                rs3825807   15   79089111    1   79080234   79089111    8.878 rs1994016
                rs2257011   15   84266145    1   84266145   84274591    8.447 rs1896797
                rs1896797   15   84274591    1   84266145   84274591    8.447 rs2257011
                  rs11609   15   91043765    0   91043765   91043765    0.001 NONE
                   rs3540   15   91045408    0   91045408   91045408    0.001 NONE
               rs62023121   15   93459453    0   93459453   93459453    0.001 NONE
               rs11632112   15   93468276    0   93468276   93468276    0.001 NONE
                rs4965593   15  100758385    1  100758385  100759614     1.23 rs4965598
                rs4965598   15  100759614    1  100758385  100759614     1.23 rs4965593
                rs8044363   16    1250559    0    1250559    1250559    0.001 NONE
               rs61734410   16    1252369    0    1252369    1252369    0.001 NONE
                rs8063603   16    6310645    1    6310645    6315880    5.236 rs7193263
                rs7193263   16    6315880    1    6310645    6315880    5.236 rs8063603
                 rs193778   16   11351211    0   11351211   11351211    0.001 NONE
                rs1646019   16   11359680    1   11347858   11359680   11.823 rs4780355
                 rs529866   16   11373320    1   11373320   11373405    0.086 rs423674
                 rs423674   16   11373405    1   11373320   11373405    0.086 rs529866
                rs4780563   16   14975292    0   14975292   14975292    0.001 NONE
                rs4985155   16   15129459    0   15129459   15129459    0.001 NONE
               rs12928099   16   15150505    2   15148646   15172118   23.473 rs11075253|rs11644601
                rs2280018   16   15150833    0   15150833   15150833    0.001 NONE
                rs8044595   16   15906130    0   15906130   15906130    0.001 NONE
                rs3915499   16   15910743    0   15910743   15910743    0.001 NONE
                 rs924135   16   16123459    1   16123459   16127235    3.777 rs2062541
                rs2062541   16   16127235    1   16123459   16127235    3.777 rs924135
                 rs226007   16   21624933    1   21624933   21665897   40.965 rs7204169
               rs12923444   16   21639710    0   21639710   21639710    0.001 NONE
               rs12930481   16   24775438    1   24775438   24784475    9.038 rs7204281
                rs7204281   16   24784475    1   24775438   24784475    9.038 rs12930481
                rs6497840   16   25351633    1   25351633   25351948    0.316 rs7200801
                rs7200801   16   25351948    1   25351633   25351948    0.316 rs6497840
                rs9940555   16   27270607    0   27270607   27270607    0.001 NONE
               rs11646066   16   27275248    0   27275248   27275248    0.001 NONE
                rs7498665   16   28883241    0   28883241   28883241    0.001 NONE
               rs28433345   16   28883327    0   28883327   28883327    0.001 NONE
                rs7500321   16   28977020    1   28977020   28995757   18.738 rs7140
                   rs7140   16   28995757    1   28977020   28995757   18.738 rs7500321
               rs12691307   16   29939877    0   29939877   29939877    0.001 NONE
                rs8054556   16   29958216    2   29958216   29967434    9.219 rs11646127|rs4788196
               rs11646127   16   29966277    4   29958216   29977562   19.347 rs8054556|rs4788196|rs7204797|rs4787486
                rs4788196   16   29967434    4   29958216   29977562   19.347 rs8054556|rs11646127|rs7204797|rs4787486
                rs3814881   16   30000901    5   29977562   30093779  116.218 rs4787486|rs3814883|rs12935701|rs9939774|rs2278557
                rs4787491   16   30015337    0   30015337   30015337    0.001 NONE
                rs9939774   16   30068354    3   30000901   30093779   92.879 rs3814881|rs12935701|rs2278557
                rs2071390   16   30081367    0   30081367   30081367    0.001 NONE
               rs12931792   16   30156398    0   30156398   30156398    0.001 NONE
                rs7204270   16   30156963    0   30156963   30156963    0.001 NONE
                rs6565176   16   30174926    0   30174926   30174926    0.001 NONE
                rs7202714   16   30177807    0   30177807   30177807    0.001 NONE
                rs7186520   16   53178250    1   53178250   53181247    2.998 rs11859517
               rs11859517   16   53181247    1   53178250   53181247    2.998 rs7186520
                rs9922085   16   67397580    1   67397580   67409180   11.601 rs8052655
                rs8052655   16   67409180    1   67397580   67409180   11.601 rs9922085
                rs1170426   16   68603798    2   68569440   68608511   39.072 rs1749792|rs1170439
                rs1170439   16   68608511    2   68569440   68608511   39.072 rs1749792|rs1170426
                 rs862320   16   69651866    1   69651866   69657996    6.131 rs244420
                  rs39999   16   69653696    0   69653696   69653696    0.001 NONE
                rs3812984   16   72207797    2   72207797   72230694   22.898 rs11075924|rs9936784
               rs17604349   16   72210865    1   72210865   72229532   18.668 rs11645898
                rs3852789   16   72228506    0   72228506   72228506    0.001 NONE
               rs11645898   16   72229532    1   72210865   72229532   18.668 rs17604349
                rs7193541   16   74664743    0   74664743   74664743    0.001 NONE
                rs4888262   16   74670458    0   74670458   74670458    0.001 NONE
               rs11858992   16   75411445    2   75411445   75432686   21.242 rs1549306|rs113309773
                rs1549306   16   75415341    2   75411445   75432686   21.242 rs11858992|rs113309773
                rs1050847   16   87443734    0   87443734   87443734    0.001 NONE
                rs3748400   16   87445839    1   87445839   87446053    0.215 rs2042395
                 rs781831   17    3947644    1    3947644    3953102    5.459 rs781852
                 rs781852   17    3953102    1    3947644    3953102    5.459 rs781831
                rs3026101   17    5280440    1    5280440    5288179     7.74 rs10792
                  rs10792   17    5288179    1    5280440    5288179     7.74 rs3026101
                rs2009598   17    6470598    1    6470598    6546921   76.324 rs2240276
               rs10521146   17    6473659    0    6473659    6473659    0.001 NONE
                rs7226020   17    6473828    0    6473828    6473828    0.001 NONE
               rs12937989   17    6479453    0    6479453    6479453    0.001 NONE
                rs9891699   17    8157310    0    8157310    8157310    0.001 NONE
                rs4791641   17    8161149    0    8161149    8161149    0.001 NONE
                rs2228100   17   19642952    0   19642952   19642952    0.001 NONE
                 rs887241   17   19645938    0   19645938   19645938    0.001 NONE
                rs7218708   17   19926836    1   19926836   19934963    8.128 rs56142708
               rs56142708   17   19934963    1   19926836   19934963    8.128 rs7218708
                rs3909258   17   19945819    0   19945819   19945819    0.001 NONE
               rs72843506   17   19946287    0   19946287   19946287    0.001 NONE
               rs17759083   17   19963605    1   19963605   19965883    2.279 rs10083830
               rs10083830   17   19965883    1   19963605   19965883    2.279 rs17759083
                rs7504112   17   29073773    0   29073773   29073773    0.001 NONE
               rs62070631   17   29087285    0   29087285   29087285    0.001 NONE
               rs17826219   17   29161845    0   29161845   29161845    0.001 NONE
                rs3764419   17   29164023    2   29164023   29259899   95.877 rs9890032|rs7225461
                rs2953013   17   29496343    2   29496343   29630970  134.628 rs2905804|rs3087591
                rs2905804   17   29519995    2   29496343   29630970  134.628 rs2953013|rs3087591
                rs2854322   17   29699416    0   29699416   29699416    0.001 NONE
                rs2854334   17   29715500    0   29715500   29715500    0.001 NONE
                rs4239232   17   29819149    1   29819149   29819884    0.736 rs11422116
               rs11422116   17   29819884    1   29819149   29819884    0.736 rs4239232
              rs112797972   17   29886356    0   29886356   29886356    0.001 NONE
               rs11870603   17   29890808    0   29890808   29890808    0.001 NONE
                 rs441695   17   30031938    0   30031938   30031938    0.001 NONE
                rs1551355   17   30032420    1   30032420   30033514    1.095 rs76954792
               rs17780086   17   30343282    0   30343282   30343282    0.001 NONE
                rs6505274   17   30344581    0   30344581   30344581    0.001 NONE
                rs4065321   17   38143548    1   38143548   38144229    0.682 rs12450688
               rs12450688   17   38144229    1   38143548   38144229    0.682 rs4065321
              rs112333322   17   44126673 15   44126673   44357351  230.679 rs113434679|rs17577094|rs76640332|rs4630591|rs35524223|rs4606752|rs17577369|rs17661015|rs4471723|rs79301522|rs80103986|rs2732631|rs2732708|rs2696532|rs17665188
              rs113434679   17   44126765 14   44126673   44357351  230.679 rs112333322|rs17577094|rs76640332|rs4630591|rs35524223|rs4606752|rs17661015|rs4471723|rs79301522|rs80103986|rs2732631|rs2732708|rs2696532|rs17665188
               rs17661015   17   44192957 15   44126673   44357351  230.679 rs112333322|rs113434679|rs17577094|rs76640332|rs4630591|rs35524223|rs4606752|rs17577369|rs4471723|rs79301522|rs80103986|rs2732631|rs2732708|rs2696532|rs17665188
                rs4471723   17   44205690 15   44126673   44357351  230.679 rs112333322|rs113434679|rs17577094|rs76640332|rs4630591|rs35524223|rs4606752|rs17577369|rs17661015|rs79301522|rs80103986|rs2732631|rs2732708|rs2696532|rs17665188
              rs568039055   17   44632463    0   44632463   44632463    0.001 NONE
               rs62073356   17   44633530    0   44633530   44633530    0.001 NONE
                 rs199441   17   44773783    0   44773783   44773783    0.001 NONE
                rs1378358   17   44787312    9   44289232   44828931    539.7 rs2732631|rs2732708|rs2696532|rs17665188|rs538628|rs199456|rs199447|rs199443|rs199533
                rs9896243   17   44826056    0   44826056   44826056    0.001 NONE
                 rs199533   17   44828931    8   44351387   44828931  477.545 rs2732708|rs2696532|rs17665188|rs1378358|rs538628|rs199456|rs199447|rs199443
               rs11658276   17   44995534    1   44995534   45006112   10.579 rs10853087
               rs10853087   17   45006112    1   44995534   45006112   10.579 rs11658276
                rs8070345   17   57816757    1   57816757   57825572    8.816 rs11654074
                rs8067354   17   57821430    0   57821430   57821430    0.001 NONE
                rs1787003   18   13104251    1   13104251   13116432   12.182 rs1786263
                rs1786263   18   13116432    1   13104251   13116432   12.182 rs1787003
                rs8084619   18   31208660    1   31208660   31212209     3.55 rs12957987
               rs12957987   18   31212209    1   31208660   31212209     3.55 rs8084619
                rs6507054   18   31248323    0   31248323   31248323    0.001 NONE
               rs11081818   18   31251088    0   31251088   31251088    0.001 NONE
               rs34298584   18   39026695    0   39026695   39026695    0.001 NONE
               rs11875240   18   39027043    0   39027043   39027043    0.001 NONE
                rs3744858   18   43845269    0   43845269   43845269    0.001 NONE
                rs3842397   18   43845880    0   43845880   43845880    0.001 NONE
               rs66534382   19    4056366    2    4056366    4064057    7.692 rs10415135|rs56356382
               rs10415135   19    4061544    2    4056366    4064057    7.692 rs66534382|rs56356382
               rs10409243   19   10332988    0   10332988   10332988    0.001 NONE
                rs2116941   19   10334443    0   10334443   10334443    0.001 NONE
                rs1799969   19   10394792    0   10394792   10394792    0.001 NONE
                   rs5498   19   10395683    0   10395683   10395683    0.001 NONE
                rs2229383   19   10794630    0   10794630   10794630    0.001 NONE
                rs8102380   19   10801185    0   10801185   10801185    0.001 NONE
                   rs5930   19   11224265    0   11224265   11224265    0.001 NONE
                    rs688   19   11227602    0   11227602   11227602    0.001 NONE
                rs1865063   19   11341029    0   11341029   11341029    0.001 NONE
               rs12979813   19   11342703    0   11342703   11342703    0.001 NONE
                   rs8170   19   17389704    0   17389704   17389704    0.001 NONE
                rs4808075   19   17390291    0   17390291   17390291    0.001 NONE
               rs73015714   19   17855763    0   17855763   17855763    0.001 NONE
               rs28403253   19   17858360    1   17858360   17859370    1.011 rs12151113
                rs1059519   19   18497024    0   18497024   18497024    0.001 NONE
                rs1059369   19   18497141    0   18497141   18497141    0.001 NONE
                rs4808199   19   19545099    1   19545099   19591066   45.968 rs10401193
                rs2965183   19   19545696    0   19545696   19545696    0.001 NONE
                   rs6857   19   45392254    0   45392254   45392254    0.001 NONE
                 rs157581   19   45395714    0   45395714   45395714    0.001 NONE
               rs56131196   19   45422846    1   45422846   45422946    0.101 rs4420638
                rs4420638   19   45422946    1   45422846   45422946    0.101 rs56131196
                 rs157595   19   45425460    0   45425460   45425460    0.001 NONE
              rs141622900   19   45426792    0   45426792   45426792    0.001 NONE
                rs2238686   19   45973056    2   45971095   45976718    5.624 rs12373539|rs3170167
                rs3170167   19   45976718    2   45971095   45976718    5.624 rs12373539|rs2238686
                 rs838142   19   49252151    0   49252151   49252151    0.001 NONE
                rs2071699   19   49254504    0   49254504   49254504    0.001 NONE
               rs11666341   19   52601399    1   52601399   52607765    6.367 rs10411428
               rs10411428   19   52607765    1   52601399   52607765    6.367 rs11666341
                rs1613662   19   55536595    0   55536595   55536595    0.001 NONE
                rs1654425   19   55538980    0   55538980   55538980    0.001 NONE
               rs11696739   20    1600925    0    1600925    1600925    0.001 NONE
               rs76357893   20    1602669    1    1602669    1603143    0.475 rs4814391
                rs6036478   20   23611359    0   23611359   23611359    0.001 NONE
                 rs911119   20   23612737    0   23612737   23612737    0.001 NONE
                 rs293566   20   31097877    0   31097877   31097877    0.001 NONE
                 rs159428   20   31099311    0   31099311   31099311    0.001 NONE
                rs6088735   20   33745676    1   33745676   33753262    7.587 rs6060278
                rs6060278   20   33753262    1   33745676   33753262    7.587 rs6088735
               rs11907011   20   33767770    1   33764554   33767770    3.217 rs867186
               rs34234989   20   33774533    2   33774533   33794378   19.846 rs6087685|rs6060308
                rs4911492   20   33951799    1   33951799   33971914   20.116 rs4911494
                rs4911494   20   33971914    1   33951799   33971914   20.116 rs4911492
                rs6062302   20   62320968    1   62320968   62322288    1.321 rs3208007
                rs3208007   20   62322288    1   62320968   62322288    1.321 rs6062302
                rs2822999   21   16364756    0   16364756   16364756    0.001 NONE
                rs1997577   21   16371102    0   16371102   16371102    0.001 NONE
                rs2829784   21   26878462    1   26878462   26878642    0.181 rs2829786
                rs2829786   21   26878642    1   26878462   26878642    0.181 rs2829784
                 rs372883   21   30717737    1   30717737   30726773    9.037 rs2027605
                rs2027605   21   30726773    1   30717737   30726773    9.037 rs372883
                rs8133974   21   36450841    0   36450841   36450841    0.001 NONE
                rs8126516   21   36452618    0   36452618   36452618    0.001 NONE
                rs8132680   21   36564709    0   36564709   36564709    0.001 NONE
                rs2834839   21   36576499    0   36576499   36576499    0.001 NONE
                rs8129030   21   36712588    1   36712588   36715761    3.174 rs9979383
                rs9979383   21   36715761    1   36712588   36715761    3.174 rs8129030
                rs7277882   21   36874438    1   36874438   36881431    6.994 rs9984655
                rs9984655   21   36881431    1   36874438   36881431    6.994 rs7277882
                 rs433074   21   37155661    0   37155661   37155661    0.001 NONE
               rs71330619   21   37159622    0   37159622   37159622    0.001 NONE
               rs62229372   21   37692507    0   37692507   37692507    0.001 NONE
                rs4817795   21   37702279    0   37702279   37702279    0.001 NONE
                rs9981595   21   40560678    0   40560678   40560678    0.001 NONE
                rs2183573   21   40574305    0   40574305   40574305    0.001 NONE
                 rs741951   21   46269526    0   46269526   46269526    0.001 NONE
                 rs235314   21   46271452    0   46271452   46271452    0.001 NONE
                 rs415651   22   18436944    0   18436944   18436944    0.001 NONE
                rs1076540   22   18439958    1   18439958   18450287    10.33 rs11704827
                   rs7444   22   21976934    0   21976934   21976934    0.001 NONE
                   rs7445   22   21977047    0   21977047   21977047    0.001 NONE
                 rs738875   22   22568014    0   22568014   22568014    0.001 NONE
              rs199930025   22   22577741    0   22577741   22577741    0.001 NONE
                 rs174775   22   29791234    0   29791234   29791234    0.001 NONE
                rs2267137   22   29793525    0   29793525   29793525    0.001 NONE
                rs2743461   22   42540551    2   42540551   42542870     2.32 rs5758605|rs2142694
                rs5758605   22   42541349    2   42473603   42541349   67.747 rs133383|rs2743461
                 rs738409   22   44324727    1   44324727   44324730    0.004 rs738408
                 rs738408   22   44324730    1   44324727   44324730    0.004 rs738409
               rs73188943   22   50815104    0   50815104   50815104    0.001 NONE
                rs7286685   22   50822841    0   50822841   50822841    0.001 NONE
